2a,Github 帳號,組別
40823143,,
40923116,40923116,5
40923118,40923118,5
40923124,40923124,5
40923131,40923131,5
40923137,,
40923154,40923154,5
40923244,40923244,5
41023107,LIN-TING-YUN,6
41023108,KEHUEISIN,8
41023110,41023110,8
41023122,41023122,6
41023124,41023124,6
41023152,Chang-Nien-Chun,6
41023155,41023155,8
41023156,41023156,2
41023211,Wmrtbij49h,8
41023225,xiaomantou0411,6
41023233,Anguss676,6
41023239,a92826,6
41023246,41023246nfu,5
41023249,BrianTsai071,6
41123101,41123101,1
41123102,41123102,4
41123105,jyunci01,2
41123107,7wei,4
41123108,41123108,2
41123111,kevingg601,4
41123112,,
41123114,fxyjkyxzx,4
41123115,41123115,4
41123117,cc-box,4
41123119,QIU0908,2
41123120,41123120,1
41123122,41123122,3
41123123,41123123,2
41123124,probe2004,1
41123126,41123126,4
41123127,,
41123128,zhiyaooo28,4
41123129,Jason920929,3
41123130,41123130,2
41123131,bw3323,3
41123134,41123134,3
41123135,Corn723,3
41123136,,
41123137,q36180005,3
41123138,,
41123139,41123139,3
41123140,Timmy930823,1
41123141,Jun41123,7
41123142,Liaots,7
41123143,41123143,7
41123144,41123144,7
41123145,41123145,2
41123146,41123146ray,1
41123148,iyuans,7
41123149,HSIAOYU-SEN,3
41123150,duncan9101,1
41123152,41123152,2
41123153,AJhen0526,7
41123154,,
41136113,Qiukz,1
41136123,4YuLa,1
